NUMBER OF BODIES 27 INDEX OF CENTER BODY 14
-1.000000E+11 -1.000000E+11 -1.000000E+11 8.401877E+27 -0.000000E+00 2.830992E+03 -0.000000E+00 
-1.000000E+11 -1.000000E+11 0.000000E+00 9.116473E+27 -0.000000E+00 -1.647772E+03 -0.000000E+00 
-1.000000E+11 -1.000000E+11 1.000000E+11 2.777747E+27 0.000000E+00 -2.260294E+02 -0.000000E+00 
-1.000000E+11 0.000000E+00 -1.000000E+11 3.647845E+27 0.000000E+00 4.522297E+03 -0.000000E+00 
-1.000000E+11 0.000000E+00 0.000000E+00 6.357117E+27 0.000000E+00 -3.583974E+03 -0.000000E+00 
-1.000000E+11 0.000000E+00 1.000000E+11 1.630057E+26 -0.000000E+00 -3.627684E+03 -0.000000E+00 
-1.000000E+11 1.000000E+11 -1.000000E+11 1.566791E+27 -0.000000E+00 -3.702096E+03 -0.000000E+00 
-1.000000E+11 1.000000E+11 0.000000E+00 9.989244E+27 -0.000000E+00 1.293242E+02 -0.000000E+00 
-1.000000E+11 1.000000E+11 1.000000E+11 6.126398E+27 -0.000000E+00 1.375523E+03 -0.000000E+00 
0.000000E+00 -1.000000E+11 -1.000000E+11 4.935830E+27 0.000000E+00 -2.074832E+03 -0.000000E+00 
0.000000E+00 -1.000000E+11 0.000000E+00 5.267449E+27 0.000000E+00 -9.977138E+02 -0.000000E+00 
0.000000E+00 -1.000000E+11 1.000000E+11 2.833147E+27 -0.000000E+00 3.077245E+03 -0.000000E+00 
0.000000E+00 0.000000E+00 -1.000000E+11 6.975528E+26 0.000000E+00 2.599537E+02 -0.000000E+00 
0.000000E+00 0.000000E+00 0.000000E+00 1.370000E+30 0.000000E+00 3.902326E+03 -0.000000E+00 
0.000000E+00 0.000000E+00 1.000000E+11 6.417132E+26 -0.000000E+00 -4.229826E+02 -0.000000E+00 
0.000000E+00 1.000000E+11 -1.000000E+11 2.382799E+27 0.000000E+00 4.022081E+03 -0.000000E+00 
0.000000E+00 1.000000E+11 0.000000E+00 2.666657E+27 0.000000E+00 -1.247930E+03 -0.000000E+00 
0.000000E+00 1.000000E+11 1.000000E+11 5.125354E+27 0.000000E+00 3.160644E+02 -0.000000E+00 
1.000000E+11 -1.000000E+11 -1.000000E+11 4.376376E+27 0.000000E+00 4.308098E+03 -0.000000E+00 
1.000000E+11 -1.000000E+11 0.000000E+00 2.842934E+27 0.000000E+00 1.399788E+03 -0.000000E+00 
1.000000E+11 -1.000000E+11 1.000000E+11 6.878613E+27 -0.000000E+00 -5.989548E+02 -0.000000E+00 
1.000000E+11 0.000000E+00 -1.000000E+11 8.292010E+27 -0.000000E+00 -2.710318E+03 -0.000000E+00 
1.000000E+11 0.000000E+00 0.000000E+00 3.503602E+27 0.000000E+00 4.564682E+03 -0.000000E+00 
1.000000E+11 0.000000E+00 1.000000E+11 6.573040E+27 0.000000E+00 -6.044009E+02 -0.000000E+00 
1.000000E+11 1.000000E+11 -1.000000E+11 3.984367E+27 0.000000E+00 1.842185E+03 -0.000000E+00 
1.000000E+11 1.000000E+11 0.000000E+00 4.824906E+27 -0.000000E+00 4.502523E+03 -0.000000E+00 
1.000000E+11 1.000000E+11 1.000000E+11 1.476600E+27 0.000000E+00 1.410806E+03 -0.000000E+00 
